
				浦发银行(600000)年季度历史交易
				,,,,,,日期,开盘价,最高价,收盘价,最低价,交易量(股),交易金额(元)
					
			2017-01-26			
						,16.690,16.840,16.740,16.610,8602907,144343272
					
			2017-01-25			
						,16.690,16.740,16.690,16.610,11284869,188172530
					
			2017-01-24			
						,16.580,16.700,16.690,16.580,14985241,249503391
					
			2017-01-23			
						,16.660,16.690,16.570,16.510,14616540,242945923
					
			2017-01-20			
						,16.580,16.660,16.600,16.500,14288268,236958622
					
			2017-01-19			
						,16.430,16.640,16.540,16.430,12180687,201675871
					
			2017-01-18			
						,16.420,16.550,16.480,16.360,11478663,189191354
					
			2017-01-17			
						,16.460,16.540,16.400,16.370,12555292,206230538
					
			2017-01-16			
						,16.230,16.600,16.560,16.100,53304724,876414508
					
			2017-01-13			
						,16.100,16.290,16.270,16.100,19034143,308468975
					
			2017-01-12			
						,16.180,16.200,16.120,16.110,8296150,134057682
					
			2017-01-11			
						,16.240,16.240,16.160,16.150,9193332,148793816
					
			2017-01-10			
						,16.180,16.240,16.190,16.140,7996756,129458363
					
			2017-01-09			
						,16.240,16.290,16.200,16.130,14908745,241579598
					
			2017-01-06			
						,16.300,16.300,16.180,16.130,17195598,278864536
					
			2017-01-05			
						,16.300,16.380,16.300,16.240,26437646,431449126
					
			2017-01-04			
						,16.290,16.350,16.330,16.180,29658734,482612222
					
			2017-01-03			
						,16.210,16.440,16.300,16.170,16237125,265043268